# 3SstarpFSAL
#stage		 order
5	 		3


A
0.000000000000000000000000000000000000e+00	0.000000000000000000000000000000000000e+00	0.000000000000000000000000000000000000e+00	0.000000000000000000000000000000000000e+00	0.000000000000000000000000000000000000e+00	
2.300298624518076223899418286314123354e-01	0.000000000000000000000000000000000000e+00	0.000000000000000000000000000000000000e+00	0.000000000000000000000000000000000000e+00	0.000000000000000000000000000000000000e+00	
1.028611905146702103234096040560745477e-01	3.021434166948288809034402119555380003e-01	0.000000000000000000000000000000000000e+00	0.000000000000000000000000000000000000e+00	0.000000000000000000000000000000000000e+00	
6.278872625842051480758545407909628086e-02	2.943294456929174595618472678959953153e-02	8.025606185416310937583009085873554681e-01	0.000000000000000000000000000000000000e+00	0.000000000000000000000000000000000000e+00	
4.771557885141218372690005742290271810e-02	3.637030463243373413097286343108580706e-02	2.032119150384688901038957149991463046e-01	4.362158943603440930655148245148766471e-01	0.000000000000000000000000000000000000e+00	

Ahat
0.000000000000000000000000000000000000e+00	0.000000000000000000000000000000000000e+00	0.000000000000000000000000000000000000e+00	0.000000000000000000000000000000000000e+00	0.000000000000000000000000000000000000e+00	0.000000000000000000000000000000000000e+00	
2.300298624518076223899418286314123354e-01	0.000000000000000000000000000000000000e+00	0.000000000000000000000000000000000000e+00	0.000000000000000000000000000000000000e+00	0.000000000000000000000000000000000000e+00	0.000000000000000000000000000000000000e+00	
1.028611905146702103234096040560745477e-01	3.021434166948288809034402119555380003e-01	0.000000000000000000000000000000000000e+00	0.000000000000000000000000000000000000e+00	0.000000000000000000000000000000000000e+00	0.000000000000000000000000000000000000e+00	
6.278872625842051480758545407909628086e-02	2.943294456929174595618472678959953153e-02	8.025606185416310937583009085873554681e-01	0.000000000000000000000000000000000000e+00	0.000000000000000000000000000000000000e+00	0.000000000000000000000000000000000000e+00	
4.771557885141218372690005742290271810e-02	3.637030463243373413097286343108580706e-02	2.032119150384688901038957149991463046e-01	4.362158943603440930655148245148766471e-01	0.000000000000000000000000000000000000e+00	0.000000000000000000000000000000000000e+00	
1.147935971023541171733601324486904546e-01	8.933442853113315592708384523126474636e-02	4.355871025008616992483722693795608738e-01	2.473576188201451146729725866810402672e-01	1.129272530455059129782111662594436580e-01	0.000000000000000000000000000000000000e+00	

b
1.147935971023541171733601324486904546e-01	
8.933442853113315592708384523126474636e-02	
4.355871025008616992483722693795608738e-01	
2.473576188201451146729725866810402672e-01	
1.129272530455059129782111662594436580e-01	

bhat
9.484166705035703392326247283838082847e-02	
1.726371339430353766966762629176676070e-01	
3.998243189084371024483169698618455770e-01	
1.718016807580178450618829007973835152e-01	
5.881914422155740300718268359027168467e-02	
1.020760551185952388626787099944507877e-01	

c
0.000000000000000000000000000000000000e+00	
2.300298624518076223899418286314123354e-01	
4.050046072094990912268498160116125481e-01	
8.947822893693433545220710894560512805e-01	
7.235136928826589010272834603680114769e-01	

chat
0.000000000000000000000000000000000000e+00	
2.300298624518076223899418286314123354e-01	
4.050046072094990912268498160116125481e-01	
8.947822893693433545220710894560512805e-01	
7.235136928826589010272834603680114769e-01	
1.000000000000000000000000000000000000e+00	

alpha
0.000000000000000000000000000000000000e+00	0.000000000000000000000000000000000000e+00	0.000000000000000000000000000000000000e+00	0.000000000000000000000000000000000000e+00	0.000000000000000000000000000000000000e+00	
0.000000000000000000000000000000000000e+00	0.000000000000000000000000000000000000e+00	0.000000000000000000000000000000000000e+00	0.000000000000000000000000000000000000e+00	0.000000000000000000000000000000000000e+00	
-0.000000000000000000000000000000000000e+00	1.000000000000000000000000000000000000e+00	0.000000000000000000000000000000000000e+00	0.000000000000000000000000000000000000e+00	0.000000000000000000000000000000000000e+00	
0.000000000000000000000000000000000000e+00	-3.151127054001043249707847388106154208e-01	1.315112705400104324970784738810615421e+00	0.000000000000000000000000000000000000e+00	0.000000000000000000000000000000000000e+00	
2.752563273304676380891217287572780582e-01	0.000000000000000000000000000000000000e+00	5.514626618696022267812596259056033084e-02	6.695974064825721392327523086521616110e-01	0.000000000000000000000000000000000000e+00	
-1.437249708873397255302615677412793741e+00	0.000000000000000000000000000000000000e+00	0.000000000000000000000000000000000000e+00	-9.959323832246715898942685873327762221e-02	2.536842947195864414292042536146071364e+00	

beta
0.000000000000000000000000000000000000e+00	0.000000000000000000000000000000000000e+00	0.000000000000000000000000000000000000e+00	0.000000000000000000000000000000000000e+00	0.000000000000000000000000000000000000e+00	
2.300298624518076223899418286314123354e-01	0.000000000000000000000000000000000000e+00	0.000000000000000000000000000000000000e+00	0.000000000000000000000000000000000000e+00	0.000000000000000000000000000000000000e+00	
-1.271686719371374120665322245753377877e-01	3.021434166948288809034402119555380003e-01	0.000000000000000000000000000000000000e+00	0.000000000000000000000000000000000000e+00	0.000000000000000000000000000000000000e+00	
0.000000000000000000000000000000000000e+00	-3.679197015790757109019124157100052371e-01	8.025606185416310937583009085873554681e-01	0.000000000000000000000000000000000000e+00	0.000000000000000000000000000000000000e+00	
0.000000000000000000000000000000000000e+00	0.000000000000000000000000000000000000e+00	-3.341805936820561878392011786211143168e-01	4.362158943603440930655148245148766471e-01	0.000000000000000000000000000000000000e+00	
0.000000000000000000000000000000000000e+00	0.000000000000000000000000000000000000e+00	0.000000000000000000000000000000000000e+00	-8.592535962426300449671586015363274137e-01	1.129272530455059129782111662594436580e-01	

gamma1
0.000000000000000000000000000000000000e+00	0.000000000000000000000000000000000000e+00	2.587771979725733308135192812685323706e-01	-1.324380360140723382965420909764953437e-01	5.056033948190826045833606441415585735e-02	5.670532000739313812633197158607642990e-01	

gamma2
0.000000000000000000000000000000000000e+00	1.000000000000000000000000000000000000e+00	5.528354909301389892439698870483746541e-01	6.731871608203061824849561782794643600e-01	2.803103963297672407841316576323901761e-01	5.521525447020610386070346724931300367e-01	

gamma3
0.000000000000000000000000000000000000e+00	0.000000000000000000000000000000000000e+00	0.000000000000000000000000000000000000e+00	0.000000000000000000000000000000000000e+00	2.752563273304676380891217287572780582e-01	-8.950526174674033822276061734289327568e-01	

delta
1.000000000000000000000000000000000000e+00	3.407655879334525365094815965895763636e-01	3.414382655003386206551709871126405331e-01	7.229275366787987419692007421895451953e-01	0.000000000000000000000000000000000000e+00	

r
1.213795498188119381666183471679687500e-01	

errcoeff
9.928989681326766750246726189743640134e-03	
