# 3Sstarp
#stage		 order
10	 		5


A
0.000000000000000000000000000000000000e+00	0.000000000000000000000000000000000000e+00	0.000000000000000000000000000000000000e+00	0.000000000000000000000000000000000000e+00	0.000000000000000000000000000000000000e+00	0.000000000000000000000000000000000000e+00	0.000000000000000000000000000000000000e+00	0.000000000000000000000000000000000000e+00	0.000000000000000000000000000000000000e+00	0.000000000000000000000000000000000000e+00	
2.597883575710995826783320802193635406e-01	0.000000000000000000000000000000000000e+00	0.000000000000000000000000000000000000e+00	0.000000000000000000000000000000000000e+00	0.000000000000000000000000000000000000e+00	0.000000000000000000000000000000000000e+00	0.000000000000000000000000000000000000e+00	0.000000000000000000000000000000000000e+00	0.000000000000000000000000000000000000e+00	0.000000000000000000000000000000000000e+00	
8.127564315561375993720203872098496591e-02	1.777008800169541694837687556103565007e-02	0.000000000000000000000000000000000000e+00	0.000000000000000000000000000000000000e+00	0.000000000000000000000000000000000000e+00	0.000000000000000000000000000000000000e+00	0.000000000000000000000000000000000000e+00	0.000000000000000000000000000000000000e+00	0.000000000000000000000000000000000000e+00	0.000000000000000000000000000000000000e+00	
-3.354614999477237565241559923785333992e-02	9.336744923368353849677419984406764165e-04	2.481636637328140606807905234325691851e-01	0.000000000000000000000000000000000000e+00	0.000000000000000000000000000000000000e+00	0.000000000000000000000000000000000000e+00	0.000000000000000000000000000000000000e+00	0.000000000000000000000000000000000000e+00	0.000000000000000000000000000000000000e+00	0.000000000000000000000000000000000000e+00	
1.743347319612375575701283252276324221e-01	4.542299898339055072781050833765537354e-02	-5.131364058584830085669358301617548481e-01	7.941736827560429420202759490815682546e-01	0.000000000000000000000000000000000000e+00	0.000000000000000000000000000000000000e+00	0.000000000000000000000000000000000000e+00	0.000000000000000000000000000000000000e+00	0.000000000000000000000000000000000000e+00	0.000000000000000000000000000000000000e+00	
-9.494323135144577022089737705220256633e-02	-3.035150700719425818992590571766877993e-03	6.146640437717942668725553865640720516e-01	-3.459995999209982019759207493071224086e-01	3.885391296871822541486945325814526190e-01	0.000000000000000000000000000000000000e+00	0.000000000000000000000000000000000000e+00	0.000000000000000000000000000000000000e+00	0.000000000000000000000000000000000000e+00	0.000000000000000000000000000000000000e+00	
-4.472687056897383952772535960804057276e-01	-6.001390975756042615995796765563505969e-02	2.189514872714055967991395742506317562e+00	-1.812203156200677489599679480214811360e+00	5.294644298483642306503326826100758360e-01	1.455051664264339366757555740296587660e-01	0.000000000000000000000000000000000000e+00	0.000000000000000000000000000000000000e+00	0.000000000000000000000000000000000000e+00	0.000000000000000000000000000000000000e+00	
-2.952851655638360922289239961922232903e-02	1.025891569461989549444530174350920965e-02	3.642046714433657179246174504298778525e-01	-6.295325337080293361453529187530264368e-02	4.396356677992858240919335116255774160e-01	-1.188467566963880082677010325609480167e-01	1.587517379462528932413419955691782412e-01	0.000000000000000000000000000000000000e+00	0.000000000000000000000000000000000000e+00	0.000000000000000000000000000000000000e+00	
-9.121591818752844420861246496152962466e-03	1.236208592581677846627012362942829122e-02	2.544985552723629852245108999554540292e-01	1.719844330467820430050199329089054079e-02	3.974085205386611199379120425314299318e-01	-1.197497825413177492788505851610398087e-01	1.250494144677023245335038620875240695e-01	1.650605631567659573994022720500446501e-01	0.000000000000000000000000000000000000e+00	0.000000000000000000000000000000000000e+00	
-3.761036704918719004202104010367295610e-04	1.434365063870865288591419643172294933e-02	2.241685493112827552778823744142913415e-01	5.585389885081551904930512016405961548e-02	4.100517688811833503493654109316836625e-01	-1.298941795817080319208790415996580684e-01	1.195377610432116694241957868034635506e-01	9.726305251199789803968799812606830546e-03	2.118093299943235065178000892467421832e-01	0.000000000000000000000000000000000000e+00	

Ahat
0.000000000000000000000000000000000000e+00	0.000000000000000000000000000000000000e+00	0.000000000000000000000000000000000000e+00	0.000000000000000000000000000000000000e+00	0.000000000000000000000000000000000000e+00	0.000000000000000000000000000000000000e+00	0.000000000000000000000000000000000000e+00	0.000000000000000000000000000000000000e+00	0.000000000000000000000000000000000000e+00	0.000000000000000000000000000000000000e+00	
2.597883575710995826783320802193635406e-01	0.000000000000000000000000000000000000e+00	0.000000000000000000000000000000000000e+00	0.000000000000000000000000000000000000e+00	0.000000000000000000000000000000000000e+00	0.000000000000000000000000000000000000e+00	0.000000000000000000000000000000000000e+00	0.000000000000000000000000000000000000e+00	0.000000000000000000000000000000000000e+00	0.000000000000000000000000000000000000e+00	
8.127564315561375993720203872098496591e-02	1.777008800169541694837687556103565007e-02	0.000000000000000000000000000000000000e+00	0.000000000000000000000000000000000000e+00	0.000000000000000000000000000000000000e+00	0.000000000000000000000000000000000000e+00	0.000000000000000000000000000000000000e+00	0.000000000000000000000000000000000000e+00	0.000000000000000000000000000000000000e+00	0.000000000000000000000000000000000000e+00	
-3.354614999477237565241559923785333992e-02	9.336744923368353849677419984406764165e-04	2.481636637328140606807905234325691851e-01	0.000000000000000000000000000000000000e+00	0.000000000000000000000000000000000000e+00	0.000000000000000000000000000000000000e+00	0.000000000000000000000000000000000000e+00	0.000000000000000000000000000000000000e+00	0.000000000000000000000000000000000000e+00	0.000000000000000000000000000000000000e+00	
1.743347319612375575701283252276324221e-01	4.542299898339055072781050833765537354e-02	-5.131364058584830085669358301617548481e-01	7.941736827560429420202759490815682546e-01	0.000000000000000000000000000000000000e+00	0.000000000000000000000000000000000000e+00	0.000000000000000000000000000000000000e+00	0.000000000000000000000000000000000000e+00	0.000000000000000000000000000000000000e+00	0.000000000000000000000000000000000000e+00	
-9.494323135144577022089737705220256633e-02	-3.035150700719425818992590571766877993e-03	6.146640437717942668725553865640720516e-01	-3.459995999209982019759207493071224086e-01	3.885391296871822541486945325814526190e-01	0.000000000000000000000000000000000000e+00	0.000000000000000000000000000000000000e+00	0.000000000000000000000000000000000000e+00	0.000000000000000000000000000000000000e+00	0.000000000000000000000000000000000000e+00	
-4.472687056897383952772535960804057276e-01	-6.001390975756042615995796765563505969e-02	2.189514872714055967991395742506317562e+00	-1.812203156200677489599679480214811360e+00	5.294644298483642306503326826100758360e-01	1.455051664264339366757555740296587660e-01	0.000000000000000000000000000000000000e+00	0.000000000000000000000000000000000000e+00	0.000000000000000000000000000000000000e+00	0.000000000000000000000000000000000000e+00	
-2.952851655638360922289239961922232903e-02	1.025891569461989549444530174350920965e-02	3.642046714433657179246174504298778525e-01	-6.295325337080293361453529187530264368e-02	4.396356677992858240919335116255774160e-01	-1.188467566963880082677010325609480167e-01	1.587517379462528932413419955691782412e-01	0.000000000000000000000000000000000000e+00	0.000000000000000000000000000000000000e+00	0.000000000000000000000000000000000000e+00	
-9.121591818752844420861246496152962466e-03	1.236208592581677846627012362942829122e-02	2.544985552723629852245108999554540292e-01	1.719844330467820430050199329089054079e-02	3.974085205386611199379120425314299318e-01	-1.197497825413177492788505851610398087e-01	1.250494144677023245335038620875240695e-01	1.650605631567659573994022720500446501e-01	0.000000000000000000000000000000000000e+00	0.000000000000000000000000000000000000e+00	
-3.761036704918719004202104010367295610e-04	1.434365063870865288591419643172294933e-02	2.241685493112827552778823744142913415e-01	5.585389885081551904930512016405961548e-02	4.100517688811833503493654109316836625e-01	-1.298941795817080319208790415996580684e-01	1.195377610432116694241957868034635506e-01	9.726305251199789803968799812606830546e-03	2.118093299943235065178000892467421832e-01	0.000000000000000000000000000000000000e+00	

b
-2.280102305596364773323878383881954511e-03	
1.407393020823230537861040991952849386e-02	
2.332691794172822486743039657924919496e-01	
4.808266700465181307162297999657715930e-02	
4.119003221139622842134291677033040683e-01	
-1.291461071364752805327361051196128312e-01	
1.220746011038579789984601943748468541e-01	
4.357858803113387764356338334851554715e-02	
1.025076875289905073925255867102192694e-01	
1.559392340339606299335442956580114440e-01	

bhat
5.734588484676193812418453938089759359e-02	
1.971447518039733870541652912891291496e-02	
7.215296605683716720707226840456658773e-02	
1.739659489807939956977075317768151880e-01	
3.703693600445487815015171515640585668e-01	
-1.215599039055065009827765147821222534e-01	
1.180372945491121604465067725859678821e-01	
4.155688823364870056536983972605056553e-02	
1.227886627910379901351569893551486490e-01	
1.456284232223684285998448928597043056e-01	

c
0.000000000000000000000000000000000000e+00	
2.597883575710995826783320802193635406e-01	
9.904573115730917688557891428202061598e-02	
2.155511882303785204133426661931565216e-01	
5.007950078421880417512789524851012021e-01	
5.592251914858131230054392022144328176e-01	
5.449986973408778242805929551952000165e-01	
7.615224662599497796472095353126697300e-01	
8.427062083059167761623893618875787414e-01	
9.152209807185253394871325258038753352e-01	

chat
0.000000000000000000000000000000000000e+00	
2.597883575710995826783320802193635406e-01	
9.904573115730917688557891428202061598e-02	
2.155511882303785204133426661931565216e-01	
5.007950078421880417512789524851012021e-01	
5.592251914858131230054392022144328176e-01	
5.449986973408778242805929551952000165e-01	
7.615224662599497796472095353126697300e-01	
8.427062083059167761623893618875787414e-01	
9.152209807185253394871325258038753352e-01	

alpha
0.000000000000000000000000000000000000e+00	0.000000000000000000000000000000000000e+00	0.000000000000000000000000000000000000e+00	0.000000000000000000000000000000000000e+00	0.000000000000000000000000000000000000e+00	0.000000000000000000000000000000000000e+00	0.000000000000000000000000000000000000e+00	0.000000000000000000000000000000000000e+00	0.000000000000000000000000000000000000e+00	0.000000000000000000000000000000000000e+00	
0.000000000000000000000000000000000000e+00	0.000000000000000000000000000000000000e+00	0.000000000000000000000000000000000000e+00	0.000000000000000000000000000000000000e+00	0.000000000000000000000000000000000000e+00	0.000000000000000000000000000000000000e+00	0.000000000000000000000000000000000000e+00	0.000000000000000000000000000000000000e+00	0.000000000000000000000000000000000000e+00	0.000000000000000000000000000000000000e+00	
-0.000000000000000000000000000000000000e+00	1.000000000000000000000000000000000000e+00	0.000000000000000000000000000000000000e+00	0.000000000000000000000000000000000000e+00	0.000000000000000000000000000000000000e+00	0.000000000000000000000000000000000000e+00	0.000000000000000000000000000000000000e+00	0.000000000000000000000000000000000000e+00	0.000000000000000000000000000000000000e+00	0.000000000000000000000000000000000000e+00	
0.000000000000000000000000000000000000e+00	-6.432135297833185874333251285989348445e-01	1.643213529783318587433325128598934844e+00	0.000000000000000000000000000000000000e+00	0.000000000000000000000000000000000000e+00	0.000000000000000000000000000000000000e+00	0.000000000000000000000000000000000000e+00	0.000000000000000000000000000000000000e+00	0.000000000000000000000000000000000000e+00	0.000000000000000000000000000000000000e+00	
-2.393405159342139386425044844626597490e+00	0.000000000000000000000000000000000000e+00	2.509718778317078804265437733977118414e+00	8.836863810250605821596071106494790763e-01	0.000000000000000000000000000000000000e+00	0.000000000000000000000000000000000000e+00	0.000000000000000000000000000000000000e+00	0.000000000000000000000000000000000000e+00	0.000000000000000000000000000000000000e+00	0.000000000000000000000000000000000000e+00	
-1.130405055956673647654153584914641818e+00	0.000000000000000000000000000000000000e+00	0.000000000000000000000000000000000000e+00	2.243336767491694137937131918525541277e+00	-1.129317115350204902829783336108994584e-01	0.000000000000000000000000000000000000e+00	0.000000000000000000000000000000000000e+00	0.000000000000000000000000000000000000e+00	0.000000000000000000000000000000000000e+00	0.000000000000000000000000000000000000e+00	
-4.572296065662836624007959534593288447e-01	0.000000000000000000000000000000000000e+00	0.000000000000000000000000000000000000e+00	0.000000000000000000000000000000000000e+00	-1.147196058010251459717979230597628843e+00	2.604425664576535122118775184056957688e+00	0.000000000000000000000000000000000000e+00	0.000000000000000000000000000000000000e+00	0.000000000000000000000000000000000000e+00	0.000000000000000000000000000000000000e+00	
-2.203925745002596603078024695007972826e-01	0.000000000000000000000000000000000000e+00	0.000000000000000000000000000000000000e+00	0.000000000000000000000000000000000000e+00	0.000000000000000000000000000000000000e+00	1.465448649841211017602227972864536049e+00	-2.450560753409513572944255033637387664e-01	0.000000000000000000000000000000000000e+00	0.000000000000000000000000000000000000e+00	0.000000000000000000000000000000000000e+00	
8.733017890295698727147972931549839115e-02	0.000000000000000000000000000000000000e+00	0.000000000000000000000000000000000000e+00	0.000000000000000000000000000000000000e+00	0.000000000000000000000000000000000000e+00	0.000000000000000000000000000000000000e+00	-4.267770869977650177923465285221053547e-02	9.553475297968195145077549235367121443e-01	0.000000000000000000000000000000000000e+00	0.000000000000000000000000000000000000e+00	
-8.120784851608505184442388951984178009e-02	0.000000000000000000000000000000000000e+00	0.000000000000000000000000000000000000e+00	0.000000000000000000000000000000000000e+00	0.000000000000000000000000000000000000e+00	0.000000000000000000000000000000000000e+00	0.000000000000000000000000000000000000e+00	-4.648536277203500787312296917082533752e-01	1.546061476236435130575653581228095155e+00	0.000000000000000000000000000000000000e+00	
-1.120602021495723901929929783091498661e-02	0.000000000000000000000000000000000000e+00	0.000000000000000000000000000000000000e+00	0.000000000000000000000000000000000000e+00	0.000000000000000000000000000000000000e+00	0.000000000000000000000000000000000000e+00	0.000000000000000000000000000000000000e+00	0.000000000000000000000000000000000000e+00	2.172301851609976283989157027986625533e-01	7.939758350539596106203835950322524333e-01	

beta
0.000000000000000000000000000000000000e+00	0.000000000000000000000000000000000000e+00	0.000000000000000000000000000000000000e+00	0.000000000000000000000000000000000000e+00	0.000000000000000000000000000000000000e+00	0.000000000000000000000000000000000000e+00	0.000000000000000000000000000000000000e+00	0.000000000000000000000000000000000000e+00	0.000000000000000000000000000000000000e+00	0.000000000000000000000000000000000000e+00	
2.597883575710995826783320802193635406e-01	0.000000000000000000000000000000000000e+00	0.000000000000000000000000000000000000e+00	0.000000000000000000000000000000000000e+00	0.000000000000000000000000000000000000e+00	0.000000000000000000000000000000000000e+00	0.000000000000000000000000000000000000e+00	0.000000000000000000000000000000000000e+00	0.000000000000000000000000000000000000e+00	0.000000000000000000000000000000000000e+00	
-1.785127144154858227411300414983785747e-01	1.777008800169541694837687556103565007e-02	0.000000000000000000000000000000000000e+00	0.000000000000000000000000000000000000e+00	0.000000000000000000000000000000000000e+00	0.000000000000000000000000000000000000e+00	0.000000000000000000000000000000000000e+00	0.000000000000000000000000000000000000e+00	0.000000000000000000000000000000000000e+00	0.000000000000000000000000000000000000e+00	
0.000000000000000000000000000000000000e+00	-2.826637453748928891395496779113005080e-02	2.481636637328140606807905234325691851e-01	0.000000000000000000000000000000000000e+00	0.000000000000000000000000000000000000e+00	0.000000000000000000000000000000000000e+00	0.000000000000000000000000000000000000e+00	0.000000000000000000000000000000000000e+00	0.000000000000000000000000000000000000e+00	0.000000000000000000000000000000000000e+00	
0.000000000000000000000000000000000000e+00	0.000000000000000000000000000000000000e+00	-7.324352557644535426798633022280049070e-01	7.941736827560429420202759490815682546e-01	0.000000000000000000000000000000000000e+00	0.000000000000000000000000000000000000e+00	0.000000000000000000000000000000000000e+00	0.000000000000000000000000000000000000e+00	0.000000000000000000000000000000000000e+00	0.000000000000000000000000000000000000e+00	
0.000000000000000000000000000000000000e+00	0.000000000000000000000000000000000000e+00	0.000000000000000000000000000000000000e+00	-2.563122066712878838261205990405262487e-01	3.885391296871822541486945325814526190e-01	0.000000000000000000000000000000000000e+00	0.000000000000000000000000000000000000e+00	0.000000000000000000000000000000000000e+00	0.000000000000000000000000000000000000e+00	0.000000000000000000000000000000000000e+00	
0.000000000000000000000000000000000000e+00	0.000000000000000000000000000000000000e+00	0.000000000000000000000000000000000000e+00	0.000000000000000000000000000000000000e+00	-4.824568512011639784820200795153213688e-01	1.455051664264339366757555740296587660e-01	0.000000000000000000000000000000000000e+00	0.000000000000000000000000000000000000e+00	0.000000000000000000000000000000000000e+00	0.000000000000000000000000000000000000e+00	
0.000000000000000000000000000000000000e+00	0.000000000000000000000000000000000000e+00	0.000000000000000000000000000000000000e+00	0.000000000000000000000000000000000000e+00	0.000000000000000000000000000000000000e+00	-8.318983167009414751269790068228957986e-02	1.587517379462528932413419955691782412e-01	0.000000000000000000000000000000000000e+00	0.000000000000000000000000000000000000e+00	0.000000000000000000000000000000000000e+00	
0.000000000000000000000000000000000000e+00	0.000000000000000000000000000000000000e+00	0.000000000000000000000000000000000000e+00	0.000000000000000000000000000000000000e+00	0.000000000000000000000000000000000000e+00	0.000000000000000000000000000000000000e+00	-2.661366623020239459130857909929912699e-02	1.650605631567659573994022720500446501e-01	0.000000000000000000000000000000000000e+00	0.000000000000000000000000000000000000e+00	
0.000000000000000000000000000000000000e+00	0.000000000000000000000000000000000000e+00	0.000000000000000000000000000000000000e+00	0.000000000000000000000000000000000000e+00	0.000000000000000000000000000000000000e+00	0.000000000000000000000000000000000000e+00	0.000000000000000000000000000000000000e+00	-2.454674726913671214823650722488593877e-01	2.118093299943235065178000892467421832e-01	0.000000000000000000000000000000000000e+00	
0.000000000000000000000000000000000000e+00	0.000000000000000000000000000000000000e+00	0.000000000000000000000000000000000000e+00	0.000000000000000000000000000000000000e+00	0.000000000000000000000000000000000000e+00	0.000000000000000000000000000000000000e+00	0.000000000000000000000000000000000000e+00	0.000000000000000000000000000000000000e+00	-6.566380212547219292733071374132144027e-02	1.559392340339606299335442956580114440e-01	

gamma1
0.000000000000000000000000000000000000e+00	0.000000000000000000000000000000000000e+00	4.043660078504695837542588769963326988e-01	-8.503427464263185087039788184485627962e-01	-6.950894167072419998080989313353063399e+00	9.238765225328278557805080247596562995e-01	-2.563178039957404359875124580586147888e+00	2.545744869966347362604059848503340890e-01	3.125831733863168874151935287174374515e-01	-7.007114800567584871263283872289072079e-01	4.839620970980726631935174740648996010e-01	

gamma2
0.000000000000000000000000000000000000e+00	1.000000000000000000000000000000000000e+00	6.871467069752345566001768382316915820e-01	1.093024760468898686510433898645775908e+00	3.225975382330161123625348062949430509e+00	1.041153700841396427100436517666787823e+00	1.292821488864702752767390075072674807e+00	7.391462769297006312785029455392854586e-01	1.239129257039300081860496157739352186e-01	1.842753479366766790220633908793933781e-01	5.712788942697077644959290025755003720e-02	

gamma3
0.000000000000000000000000000000000000e+00	0.000000000000000000000000000000000000e+00	0.000000000000000000000000000000000000e+00	0.000000000000000000000000000000000000e+00	-2.393405159342139386425044844626597490e+00	-1.902854422095986544338294743445530533e+00	-2.820042210583207174321941694153843259e+00	-1.832698464130564949123807896975136336e+00	-2.199094510750697865007677774395365522e-01	-4.082430660384876496971887725512427800e-01	-1.377669791121207993339861855818881150e-01	

delta
1.000000000000000000000000000000000000e+00	-1.331778409133849616712007380176762548e-01	8.260422785246030254485064732649153253e-01	1.513700430513332405798616943654007796e+00	-1.305810063177048110528482211982726539e+00	3.036678789342507704281817524408221954e+00	-1.449458267074592489788800461540171106e+00	3.834313873320957483471400258279635203e+00	4.122293971923324492772059928094971199e+00	0.000000000000000000000000000000000000e+00	

r
0.000000000000000000000000000000000000e+00	

errcoeff
5.097488468851258281312049946976117099e-05	
