# 3SstarpFSAL
#stage		 order
10	 		5


A
0.000000000000000000000000000000000000e+00	0.000000000000000000000000000000000000e+00	0.000000000000000000000000000000000000e+00	0.000000000000000000000000000000000000e+00	0.000000000000000000000000000000000000e+00	0.000000000000000000000000000000000000e+00	0.000000000000000000000000000000000000e+00	0.000000000000000000000000000000000000e+00	0.000000000000000000000000000000000000e+00	0.000000000000000000000000000000000000e+00	
2.597883554788674084039539165398464630e-01	0.000000000000000000000000000000000000e+00	0.000000000000000000000000000000000000e+00	0.000000000000000000000000000000000000e+00	0.000000000000000000000000000000000000e+00	0.000000000000000000000000000000000000e+00	0.000000000000000000000000000000000000e+00	0.000000000000000000000000000000000000e+00	0.000000000000000000000000000000000000e+00	0.000000000000000000000000000000000000e+00	
8.127564358153593028327853614517357957e-02	1.777008889438867858759149597539211023e-02	0.000000000000000000000000000000000000e+00	0.000000000000000000000000000000000000e+00	0.000000000000000000000000000000000000e+00	0.000000000000000000000000000000000000e+00	0.000000000000000000000000000000000000e+00	0.000000000000000000000000000000000000e+00	0.000000000000000000000000000000000000e+00	0.000000000000000000000000000000000000e+00	
-3.354614865651079523172648020056899429e-02	9.336747373664712882908894595585949385e-04	2.481636629715501931294746189266601496e-01	0.000000000000000000000000000000000000e+00	0.000000000000000000000000000000000000e+00	0.000000000000000000000000000000000000e+00	0.000000000000000000000000000000000000e+00	0.000000000000000000000000000000000000e+00	0.000000000000000000000000000000000000e+00	0.000000000000000000000000000000000000e+00	
1.743347319712926395999636978987332748e-01	4.542300095891677197691935227686823103e-02	-5.131364111484423114746385399076699659e-01	7.941736871152005775821844297293296135e-01	0.000000000000000000000000000000000000e+00	0.000000000000000000000000000000000000e+00	0.000000000000000000000000000000000000e+00	0.000000000000000000000000000000000000e+00	0.000000000000000000000000000000000000e+00	0.000000000000000000000000000000000000e+00	
-9.494322884524577776115115502572367867e-02	-3.035150424392731665379397165745584215e-03	6.146640453330710527859111538156814172e-01	-3.459996034587701029381908321873535974e-01	3.885391285642019129575902994397298066e-01	0.000000000000000000000000000000000000e+00	0.000000000000000000000000000000000000e+00	0.000000000000000000000000000000000000e+00	0.000000000000000000000000000000000000e+00	0.000000000000000000000000000000000000e+00	
-4.472686975456023729614944846188585056e-01	-6.001391098389336725224214121168400140e-02	2.189514876449574045974114774498503614e+00	-1.812203163411484485467402786361424774e+00	5.294644275851393826312265381600175451e-01	1.455051657916305055730603387469193768e-01	0.000000000000000000000000000000000000e+00	0.000000000000000000000000000000000000e+00	0.000000000000000000000000000000000000e+00	0.000000000000000000000000000000000000e+00	
-2.952851422199402385236995148018612739e-02	1.025891656462239897612242890040708167e-02	3.642046707763704465430591492901027159e-01	-6.295325382012761924206664135162134596e-02	4.396356681018615613960641932910968944e-01	-1.188467565439486836069858025591923569e-01	1.587517385964749337690916959584348979e-01	0.000000000000000000000000000000000000e+00	0.000000000000000000000000000000000000e+00	0.000000000000000000000000000000000000e+00	
-9.121589856852950704994331167796668385e-03	1.236208679044630082282158287466925374e-02	2.544985536317033888254324210747656317e-01	1.719844338692398573365631643721219736e-02	3.974085199908005491643427941904856773e-01	-1.197497821278873987520877232289723052e-01	1.250494147235968769671348124638593749e-01	1.650605617880053419242434594242509601e-01	0.000000000000000000000000000000000000e+00	0.000000000000000000000000000000000000e+00	
-3.761018081567533147599568323548638191e-04	1.434365158092930627606911758404159509e-02	2.241685478346605343975375398054789815e-01	5.585389892469191964564072063389585516e-02	4.100517686033261605688768555765607280e-01	-1.298941791785866976006376413515154044e-01	1.195377614328690010855535948858977799e-01	9.726304622318141216646941694650216220e-03	2.118093284937153836908655490906875007e-01	0.000000000000000000000000000000000000e+00	

Ahat
0.000000000000000000000000000000000000e+00	0.000000000000000000000000000000000000e+00	0.000000000000000000000000000000000000e+00	0.000000000000000000000000000000000000e+00	0.000000000000000000000000000000000000e+00	0.000000000000000000000000000000000000e+00	0.000000000000000000000000000000000000e+00	0.000000000000000000000000000000000000e+00	0.000000000000000000000000000000000000e+00	0.000000000000000000000000000000000000e+00	0.000000000000000000000000000000000000e+00	
2.597883554788674084039539165398464630e-01	0.000000000000000000000000000000000000e+00	0.000000000000000000000000000000000000e+00	0.000000000000000000000000000000000000e+00	0.000000000000000000000000000000000000e+00	0.000000000000000000000000000000000000e+00	0.000000000000000000000000000000000000e+00	0.000000000000000000000000000000000000e+00	0.000000000000000000000000000000000000e+00	0.000000000000000000000000000000000000e+00	0.000000000000000000000000000000000000e+00	
8.127564358153593028327853614517357957e-02	1.777008889438867858759149597539211023e-02	0.000000000000000000000000000000000000e+00	0.000000000000000000000000000000000000e+00	0.000000000000000000000000000000000000e+00	0.000000000000000000000000000000000000e+00	0.000000000000000000000000000000000000e+00	0.000000000000000000000000000000000000e+00	0.000000000000000000000000000000000000e+00	0.000000000000000000000000000000000000e+00	0.000000000000000000000000000000000000e+00	
-3.354614865651079523172648020056899429e-02	9.336747373664712882908894595585949385e-04	2.481636629715501931294746189266601496e-01	0.000000000000000000000000000000000000e+00	0.000000000000000000000000000000000000e+00	0.000000000000000000000000000000000000e+00	0.000000000000000000000000000000000000e+00	0.000000000000000000000000000000000000e+00	0.000000000000000000000000000000000000e+00	0.000000000000000000000000000000000000e+00	0.000000000000000000000000000000000000e+00	
1.743347319712926395999636978987332748e-01	4.542300095891677197691935227686823103e-02	-5.131364111484423114746385399076699659e-01	7.941736871152005775821844297293296135e-01	0.000000000000000000000000000000000000e+00	0.000000000000000000000000000000000000e+00	0.000000000000000000000000000000000000e+00	0.000000000000000000000000000000000000e+00	0.000000000000000000000000000000000000e+00	0.000000000000000000000000000000000000e+00	0.000000000000000000000000000000000000e+00	
-9.494322884524577776115115502572367867e-02	-3.035150424392731665379397165745584215e-03	6.146640453330710527859111538156814172e-01	-3.459996034587701029381908321873535974e-01	3.885391285642019129575902994397298066e-01	0.000000000000000000000000000000000000e+00	0.000000000000000000000000000000000000e+00	0.000000000000000000000000000000000000e+00	0.000000000000000000000000000000000000e+00	0.000000000000000000000000000000000000e+00	0.000000000000000000000000000000000000e+00	
-4.472686975456023729614944846188585056e-01	-6.001391098389336725224214121168400140e-02	2.189514876449574045974114774498503614e+00	-1.812203163411484485467402786361424774e+00	5.294644275851393826312265381600175451e-01	1.455051657916305055730603387469193768e-01	0.000000000000000000000000000000000000e+00	0.000000000000000000000000000000000000e+00	0.000000000000000000000000000000000000e+00	0.000000000000000000000000000000000000e+00	0.000000000000000000000000000000000000e+00	
-2.952851422199402385236995148018612739e-02	1.025891656462239897612242890040708167e-02	3.642046707763704465430591492901027159e-01	-6.295325382012761924206664135162134596e-02	4.396356681018615613960641932910968944e-01	-1.188467565439486836069858025591923569e-01	1.587517385964749337690916959584348979e-01	0.000000000000000000000000000000000000e+00	0.000000000000000000000000000000000000e+00	0.000000000000000000000000000000000000e+00	0.000000000000000000000000000000000000e+00	
-9.121589856852950704994331167796668385e-03	1.236208679044630082282158287466925374e-02	2.544985536317033888254324210747656317e-01	1.719844338692398573365631643721219736e-02	3.974085199908005491643427941904856773e-01	-1.197497821278873987520877232289723052e-01	1.250494147235968769671348124638593749e-01	1.650605617880053419242434594242509601e-01	0.000000000000000000000000000000000000e+00	0.000000000000000000000000000000000000e+00	0.000000000000000000000000000000000000e+00	
-3.761018081567533147599568323548638191e-04	1.434365158092930627606911758404159509e-02	2.241685478346605343975375398054789815e-01	5.585389892469191964564072063389585516e-02	4.100517686033261605688768555765607280e-01	-1.298941791785866976006376413515154044e-01	1.195377614328690010855535948858977799e-01	9.726304622318141216646941694650216220e-03	2.118093284937153836908655490906875007e-01	0.000000000000000000000000000000000000e+00	0.000000000000000000000000000000000000e+00	
-2.280100321836980811830528665041532799e-03	1.407393115790186300730580636032878435e-02	2.332691775508456597719992034291118324e-01	4.808266741353862546318531020856621860e-02	4.119003217706951892385733111000873172e-01	-1.291461067807736321056740833501596735e-01	1.220746013848710098878384114422516148e-01	4.357858583174420432201228508067333299e-02	1.025076877568080726158907518254273554e-01	1.559392342362059886106995325687547506e-01	0.000000000000000000000000000000000000e+00	

b
-2.280100321836980811830528665041532799e-03	
1.407393115790186300730580636032878435e-02	
2.332691775508456597719992034291118324e-01	
4.808266741353862546318531020856621860e-02	
4.119003217706951892385733111000873172e-01	
-1.291461067807736321056740833501596735e-01	
1.220746013848710098878384114422516148e-01	
4.357858583174420432201228508067333299e-02	
1.025076877568080726158907518254273554e-01	
1.559392342362059886106995325687547506e-01	

bhat
-2.019255440012066080909442770590267512e-02	
2.737903480959184339932730854141598275e-02	
3.028818636145965534365173822296811090e-01	
-3.656843880622222190071445247906780540e-02	
3.982664774676767729863101188528827405e-01	
-5.715959421140685436681459970502471634e-02	
9.849855103848558320961101178888983150e-02	
6.654601552456084978615342374581437947e-02	
9.073479542748112726465375642050504556e-02	
8.432289325330803924891866923939606351e-02	
4.529095628204896774513180907141004447e-02	

c
0.000000000000000000000000000000000000e+00	
2.597883554788674084039539165398464630e-01	
9.904573247592460887087003212056568980e-02	
2.155511890524058691860390281856497503e-01	
5.007950088969676776844289399972611534e-01	
5.592251911688643533787800688765883636e-01	
5.449986978853637084972622392134732553e-01	
7.615224694532590139829150720490417596e-01	
8.427062083267360939805493320684741215e-01	
9.152209805057669959657927210873423883e-01	

chat
0.000000000000000000000000000000000000e+00	
2.597883554788674084039539165398464630e-01	
9.904573247592460887087003212056568980e-02	
2.155511890524058691860390281856497503e-01	
5.007950088969676776844289399972611534e-01	
5.592251911688643533787800688765883636e-01	
5.449986978853637084972622392134732553e-01	
7.615224694532590139829150720490417596e-01	
8.427062083267360939805493320684741215e-01	
9.152209805057669959657927210873423883e-01	
1.000000000000000000000000000000000000e+00	

alpha
0.000000000000000000000000000000000000e+00	0.000000000000000000000000000000000000e+00	0.000000000000000000000000000000000000e+00	0.000000000000000000000000000000000000e+00	0.000000000000000000000000000000000000e+00	0.000000000000000000000000000000000000e+00	0.000000000000000000000000000000000000e+00	0.000000000000000000000000000000000000e+00	0.000000000000000000000000000000000000e+00	0.000000000000000000000000000000000000e+00	
0.000000000000000000000000000000000000e+00	0.000000000000000000000000000000000000e+00	0.000000000000000000000000000000000000e+00	0.000000000000000000000000000000000000e+00	0.000000000000000000000000000000000000e+00	0.000000000000000000000000000000000000e+00	0.000000000000000000000000000000000000e+00	0.000000000000000000000000000000000000e+00	0.000000000000000000000000000000000000e+00	0.000000000000000000000000000000000000e+00	
-0.000000000000000000000000000000000000e+00	1.000000000000000000000000000000000000e+00	0.000000000000000000000000000000000000e+00	0.000000000000000000000000000000000000e+00	0.000000000000000000000000000000000000e+00	0.000000000000000000000000000000000000e+00	0.000000000000000000000000000000000000e+00	0.000000000000000000000000000000000000e+00	0.000000000000000000000000000000000000e+00	0.000000000000000000000000000000000000e+00	
0.000000000000000000000000000000000000e+00	-6.432135337459021309220481386466822059e-01	1.643213533745902130922048138646682206e+00	0.000000000000000000000000000000000000e+00	0.000000000000000000000000000000000000e+00	0.000000000000000000000000000000000000e+00	0.000000000000000000000000000000000000e+00	0.000000000000000000000000000000000000e+00	0.000000000000000000000000000000000000e+00	0.000000000000000000000000000000000000e+00	
-2.393405133244194727221124311276648940e+00	0.000000000000000000000000000000000000e+00	2.509718751170848195348528656044225093e+00	8.836863820733465318725956552324238474e-01	0.000000000000000000000000000000000000e+00	0.000000000000000000000000000000000000e+00	0.000000000000000000000000000000000000e+00	0.000000000000000000000000000000000000e+00	0.000000000000000000000000000000000000e+00	0.000000000000000000000000000000000000e+00	
-1.130405062815272106768995631287095448e+00	0.000000000000000000000000000000000000e+00	0.000000000000000000000000000000000000e+00	2.243336775623888867723541073596371649e+00	-1.129317128086167609545454423092762010e-01	0.000000000000000000000000000000000000e+00	0.000000000000000000000000000000000000e+00	0.000000000000000000000000000000000000e+00	0.000000000000000000000000000000000000e+00	0.000000000000000000000000000000000000e+00	
-4.572296085064181133731813391987577892e-01	0.000000000000000000000000000000000000e+00	0.000000000000000000000000000000000000e+00	0.000000000000000000000000000000000000e+00	-1.147196051278685996535219107737884346e+00	2.604425659785104109908400446936642136e+00	0.000000000000000000000000000000000000e+00	0.000000000000000000000000000000000000e+00	0.000000000000000000000000000000000000e+00	0.000000000000000000000000000000000000e+00	
-2.203925792258005535372427634717814290e-01	0.000000000000000000000000000000000000e+00	0.000000000000000000000000000000000000e+00	0.000000000000000000000000000000000000e+00	0.000000000000000000000000000000000000e+00	1.465448657706207923999049777656421989e+00	-2.450560784804073704618070141846405595e-01	0.000000000000000000000000000000000000e+00	0.000000000000000000000000000000000000e+00	0.000000000000000000000000000000000000e+00	
8.733018101809179115612814888547175695e-02	0.000000000000000000000000000000000000e+00	0.000000000000000000000000000000000000e+00	0.000000000000000000000000000000000000e+00	0.000000000000000000000000000000000000e+00	0.000000000000000000000000000000000000e+00	-4.267770874014333038633470702453241382e-02	9.553475277220515392302065581390606569e-01	0.000000000000000000000000000000000000e+00	0.000000000000000000000000000000000000e+00	
-8.120784992261352618184128532798289291e-02	0.000000000000000000000000000000000000e+00	0.000000000000000000000000000000000000e+00	0.000000000000000000000000000000000000e+00	0.000000000000000000000000000000000000e+00	0.000000000000000000000000000000000000e+00	0.000000000000000000000000000000000000e+00	-4.648536241478624819060582942897851688e-01	1.546061474070476008087899579617768062e+00	0.000000000000000000000000000000000000e+00	
-1.120601992818753701173916588126641530e-02	0.000000000000000000000000000000000000e+00	0.000000000000000000000000000000000000e+00	0.000000000000000000000000000000000000e+00	0.000000000000000000000000000000000000e+00	0.000000000000000000000000000000000000e+00	0.000000000000000000000000000000000000e+00	0.000000000000000000000000000000000000e+00	2.172301761485136125765627114259714050e-01	7.939758437796739244351764544552950103e-01	

beta
0.000000000000000000000000000000000000e+00	0.000000000000000000000000000000000000e+00	0.000000000000000000000000000000000000e+00	0.000000000000000000000000000000000000e+00	0.000000000000000000000000000000000000e+00	0.000000000000000000000000000000000000e+00	0.000000000000000000000000000000000000e+00	0.000000000000000000000000000000000000e+00	0.000000000000000000000000000000000000e+00	0.000000000000000000000000000000000000e+00	
2.597883554788674084039539165398464630e-01	0.000000000000000000000000000000000000e+00	0.000000000000000000000000000000000000e+00	0.000000000000000000000000000000000000e+00	0.000000000000000000000000000000000000e+00	0.000000000000000000000000000000000000e+00	0.000000000000000000000000000000000000e+00	0.000000000000000000000000000000000000e+00	0.000000000000000000000000000000000000e+00	0.000000000000000000000000000000000000e+00	
-1.785127118973314781206753803946728834e-01	1.777008889438867858759149597539211023e-02	0.000000000000000000000000000000000000e+00	0.000000000000000000000000000000000000e+00	0.000000000000000000000000000000000000e+00	0.000000000000000000000000000000000000e+00	0.000000000000000000000000000000000000e+00	0.000000000000000000000000000000000000e+00	0.000000000000000000000000000000000000e+00	0.000000000000000000000000000000000000e+00	
0.000000000000000000000000000000000000e+00	-2.826637582976076030182552039794780402e-02	2.481636629715501931294746189266601496e-01	0.000000000000000000000000000000000000e+00	0.000000000000000000000000000000000000e+00	0.000000000000000000000000000000000000e+00	0.000000000000000000000000000000000000e+00	0.000000000000000000000000000000000000e+00	0.000000000000000000000000000000000000e+00	0.000000000000000000000000000000000000e+00	
0.000000000000000000000000000000000000e+00	0.000000000000000000000000000000000000e+00	-7.324352606418408145883881159217642345e-01	7.941736871152005775821844297293296135e-01	0.000000000000000000000000000000000000e+00	0.000000000000000000000000000000000000e+00	0.000000000000000000000000000000000000e+00	0.000000000000000000000000000000000000e+00	0.000000000000000000000000000000000000e+00	0.000000000000000000000000000000000000e+00	
0.000000000000000000000000000000000000e+00	0.000000000000000000000000000000000000e+00	0.000000000000000000000000000000000000e+00	-2.563122087053160059780238126058742390e-01	3.885391285642019129575902994397298066e-01	0.000000000000000000000000000000000000e+00	0.000000000000000000000000000000000000e+00	0.000000000000000000000000000000000000e+00	0.000000000000000000000000000000000000e+00	0.000000000000000000000000000000000000e+00	
0.000000000000000000000000000000000000e+00	0.000000000000000000000000000000000000e+00	0.000000000000000000000000000000000000e+00	0.000000000000000000000000000000000000e+00	-4.824568486780115750283895267190670506e-01	1.455051657916305055730603387469193768e-01	0.000000000000000000000000000000000000e+00	0.000000000000000000000000000000000000e+00	0.000000000000000000000000000000000000e+00	0.000000000000000000000000000000000000e+00	
0.000000000000000000000000000000000000e+00	0.000000000000000000000000000000000000e+00	0.000000000000000000000000000000000000e+00	0.000000000000000000000000000000000000e+00	0.000000000000000000000000000000000000e+00	-8.318983121641019259952800813172261447e-02	1.587517385964749337690916959584348979e-01	0.000000000000000000000000000000000000e+00	0.000000000000000000000000000000000000e+00	0.000000000000000000000000000000000000e+00	
0.000000000000000000000000000000000000e+00	0.000000000000000000000000000000000000e+00	0.000000000000000000000000000000000000e+00	0.000000000000000000000000000000000000e+00	0.000000000000000000000000000000000000e+00	0.000000000000000000000000000000000000e+00	-2.661366626612283913571184555004939575e-02	1.650605617880053419242434594242509601e-01	0.000000000000000000000000000000000000e+00	0.000000000000000000000000000000000000e+00	
0.000000000000000000000000000000000000e+00	0.000000000000000000000000000000000000e+00	0.000000000000000000000000000000000000e+00	0.000000000000000000000000000000000000e+00	0.000000000000000000000000000000000000e+00	0.000000000000000000000000000000000000e+00	0.000000000000000000000000000000000000e+00	-2.454674708465462827261876102918004321e-01	2.118093284937153836908655490906875007e-01	0.000000000000000000000000000000000000e+00	
0.000000000000000000000000000000000000e+00	0.000000000000000000000000000000000000e+00	0.000000000000000000000000000000000000e+00	0.000000000000000000000000000000000000e+00	0.000000000000000000000000000000000000e+00	0.000000000000000000000000000000000000e+00	0.000000000000000000000000000000000000e+00	0.000000000000000000000000000000000000e+00	-6.566380255439572973080718904938383434e-02	1.559392342362059886106995325687547506e-01	

gamma1
0.000000000000000000000000000000000000e+00	0.000000000000000000000000000000000000e+00	4.043660121685749695640462197806189975e-01	-8.503427289575839690883191973980814832e-01	-6.950894175262117526410215315179482885e+00	9.238765192731084931855438934978371889e-01	-2.563178056509891340215942413817786020e+00	2.545744879365226143946122067064118430e-01	3.125831707411998258746812355492206137e-01	-7.007114414440507927791249989236719346e-01	4.839621016023833375810172323297465039e-01	

gamma2
0.000000000000000000000000000000000000e+00	1.000000000000000000000000000000000000e+00	6.871467028161416909922221357014564412e-01	1.093024748914750833700799552463885117e+00	3.225975379607193001678365742708874597e+00	1.041153702510101386914019859778740444e+00	1.292821487912164945157744726076279306e+00	7.391462755788122847651304143259254381e-01	1.239129251371800313941948224441873274e-01	1.842753472370123193132193302369345580e-01	5.712788998796583446479387686662738843e-02	

gamma3
0.000000000000000000000000000000000000e+00	0.000000000000000000000000000000000000e+00	0.000000000000000000000000000000000000e+00	0.000000000000000000000000000000000000e+00	-2.393405133244194727221124311276648940e+00	-1.902854422421760920850597670305403139e+00	-2.820042207399977261483046412236557428e+00	-1.832698465277380999601896111079977378e+00	-2.199094483084671192328083958346519535e-01	-4.082430635847870963724591602173546218e-01	-1.377669797880289713535665985132703979e-01	

delta
1.000000000000000000000000000000000000e+00	-1.331778419508803397033287009506932673e-01	8.260422814750207498262063505871077303e-01	1.513700425755728332485300719652378197e+00	-1.305810059935023735972298885749903694e+00	3.036678802924163246003321318996156380e+00	-1.449458274398895177922690618003584514e+00	3.834313899176362315089976408899373409e+00	4.122293760012985409330881631526514714e+00	0.000000000000000000000000000000000000e+00	

r
0.000000000000000000000000000000000000e+00	

errcoeff
5.097488468851258281312049946976117099e-05	
