# 3SstarpFSAL
#stage		 order
9	 		4


A
0.000000000000000000000000000000000000e+00	0.000000000000000000000000000000000000e+00	0.000000000000000000000000000000000000e+00	0.000000000000000000000000000000000000e+00	0.000000000000000000000000000000000000e+00	0.000000000000000000000000000000000000e+00	0.000000000000000000000000000000000000e+00	0.000000000000000000000000000000000000e+00	0.000000000000000000000000000000000000e+00	
2.836343005184365275160654678626695428e-01	0.000000000000000000000000000000000000e+00	0.000000000000000000000000000000000000e+00	0.000000000000000000000000000000000000e+00	0.000000000000000000000000000000000000e+00	0.000000000000000000000000000000000000e+00	0.000000000000000000000000000000000000e+00	0.000000000000000000000000000000000000e+00	0.000000000000000000000000000000000000e+00	
-4.252423534651846858429390818387363681e-01	9.736500104654741223716056170419660217e-01	0.000000000000000000000000000000000000e+00	0.000000000000000000000000000000000000e+00	0.000000000000000000000000000000000000e+00	0.000000000000000000000000000000000000e+00	0.000000000000000000000000000000000000e+00	0.000000000000000000000000000000000000e+00	0.000000000000000000000000000000000000e+00	
3.494710458958476048573414381022961841e-01	-3.189840922531552843863029318469272331e-01	3.382359225242515288768487569778320563e-01	0.000000000000000000000000000000000000e+00	0.000000000000000000000000000000000000e+00	0.000000000000000000000000000000000000e+00	0.000000000000000000000000000000000000e+00	0.000000000000000000000000000000000000e+00	0.000000000000000000000000000000000000e+00	
-1.145460146662376227765340620691041258e+00	1.974070777451452898940883683618766989e+00	-1.150728913692542754597068214950982383e+00	-3.584943611106183357043212309791897386e-01	0.000000000000000000000000000000000000e+00	0.000000000000000000000000000000000000e+00	0.000000000000000000000000000000000000e+00	0.000000000000000000000000000000000000e+00	0.000000000000000000000000000000000000e+00	
1.105692792064960131610039412978347192e-01	1.381656382652035146295856314822985965e-01	9.617578616276438040506248407034764411e-02	1.105585285707820018996710123304943556e-02	-4.113944068471528211627210454497620358e-03	0.000000000000000000000000000000000000e+00	0.000000000000000000000000000000000000e+00	0.000000000000000000000000000000000000e+00	0.000000000000000000000000000000000000e+00	
-5.576592812998222250679421525420278881e-03	2.688173132870520723001460136224969567e-01	-1.735305546113463556649369232133974242e-02	-2.031450709724100095375408880362474934e-02	1.239994291532873853258119862764672530e-02	1.427968894048586363415504654313371031e+00	0.000000000000000000000000000000000000e+00	0.000000000000000000000000000000000000e+00	0.000000000000000000000000000000000000e+00	
5.992300798168960249456976307428098678e-02	2.550398960928814916177596577290294251e-01	4.395507975525483224301944005660732031e-02	-6.914765525303223316330237650078781813e-03	5.735347094610085080770517861900149552e-03	5.957046547103956552334703864527289203e-01	1.808470948394314017665968411915568633e-02	0.000000000000000000000000000000000000e+00	0.000000000000000000000000000000000000e+00	
5.048130569255474144427964102224562912e-02	2.067521548365251207794422743305301027e-01	3.739667048761355269883368650343510911e-02	-5.244784796996847370297060006217926438e-03	4.473445716314634171502246224549273213e-03	4.607579544946856530821218847406201431e-01	-1.003682700941811670823202526539009310e-02	1.605770645946802213926893453819236685e-01	0.000000000000000000000000000000000000e+00	

Ahat
0.000000000000000000000000000000000000e+00	0.000000000000000000000000000000000000e+00	0.000000000000000000000000000000000000e+00	0.000000000000000000000000000000000000e+00	0.000000000000000000000000000000000000e+00	0.000000000000000000000000000000000000e+00	0.000000000000000000000000000000000000e+00	0.000000000000000000000000000000000000e+00	0.000000000000000000000000000000000000e+00	0.000000000000000000000000000000000000e+00	
2.836343005184365275160654678626695428e-01	0.000000000000000000000000000000000000e+00	0.000000000000000000000000000000000000e+00	0.000000000000000000000000000000000000e+00	0.000000000000000000000000000000000000e+00	0.000000000000000000000000000000000000e+00	0.000000000000000000000000000000000000e+00	0.000000000000000000000000000000000000e+00	0.000000000000000000000000000000000000e+00	0.000000000000000000000000000000000000e+00	
-4.252423534651846858429390818387363681e-01	9.736500104654741223716056170419660217e-01	0.000000000000000000000000000000000000e+00	0.000000000000000000000000000000000000e+00	0.000000000000000000000000000000000000e+00	0.000000000000000000000000000000000000e+00	0.000000000000000000000000000000000000e+00	0.000000000000000000000000000000000000e+00	0.000000000000000000000000000000000000e+00	0.000000000000000000000000000000000000e+00	
3.494710458958476048573414381022961841e-01	-3.189840922531552843863029318469272331e-01	3.382359225242515288768487569778320563e-01	0.000000000000000000000000000000000000e+00	0.000000000000000000000000000000000000e+00	0.000000000000000000000000000000000000e+00	0.000000000000000000000000000000000000e+00	0.000000000000000000000000000000000000e+00	0.000000000000000000000000000000000000e+00	0.000000000000000000000000000000000000e+00	
-1.145460146662376227765340620691041258e+00	1.974070777451452898940883683618766989e+00	-1.150728913692542754597068214950982383e+00	-3.584943611106183357043212309791897386e-01	0.000000000000000000000000000000000000e+00	0.000000000000000000000000000000000000e+00	0.000000000000000000000000000000000000e+00	0.000000000000000000000000000000000000e+00	0.000000000000000000000000000000000000e+00	0.000000000000000000000000000000000000e+00	
1.105692792064960131610039412978347192e-01	1.381656382652035146295856314822985965e-01	9.617578616276438040506248407034764411e-02	1.105585285707820018996710123304943556e-02	-4.113944068471528211627210454497620358e-03	0.000000000000000000000000000000000000e+00	0.000000000000000000000000000000000000e+00	0.000000000000000000000000000000000000e+00	0.000000000000000000000000000000000000e+00	0.000000000000000000000000000000000000e+00	
-5.576592812998222250679421525420278881e-03	2.688173132870520723001460136224969567e-01	-1.735305546113463556649369232133974242e-02	-2.031450709724100095375408880362474934e-02	1.239994291532873853258119862764672530e-02	1.427968894048586363415504654313371031e+00	0.000000000000000000000000000000000000e+00	0.000000000000000000000000000000000000e+00	0.000000000000000000000000000000000000e+00	0.000000000000000000000000000000000000e+00	
5.992300798168960249456976307428098678e-02	2.550398960928814916177596577290294251e-01	4.395507975525483224301944005660732031e-02	-6.914765525303223316330237650078781813e-03	5.735347094610085080770517861900149552e-03	5.957046547103956552334703864527289203e-01	1.808470948394314017665968411915568633e-02	0.000000000000000000000000000000000000e+00	0.000000000000000000000000000000000000e+00	0.000000000000000000000000000000000000e+00	
5.048130569255474144427964102224562912e-02	2.067521548365251207794422743305301027e-01	3.739667048761355269883368650343510911e-02	-5.244784796996847370297060006217926438e-03	4.473445716314634171502246224549273213e-03	4.607579544946856530821218847406201431e-01	-1.003682700941811670823202526539009310e-02	1.605770645946802213926893453819236685e-01	0.000000000000000000000000000000000000e+00	0.000000000000000000000000000000000000e+00	
4.503732627263753698356970706617404465e-02	1.859217303699847950262276860012454333e-01	3.329729672569717599759560403851202805e-02	-4.784204180958975587114459316829942677e-03	4.055835961031310727671557609188874328e-03	4.185027772596074197662616795629003544e-01	-4.381901968919326084347037216500072323e-03	2.712843796446089829255188189179448399e-02	2.952227015964591648775833803635147962e-01	0.000000000000000000000000000000000000e+00	

b
4.503732627263753698356970706617404465e-02	
1.859217303699847950262276860012454333e-01	
3.329729672569717599759560403851202805e-02	
-4.784204180958975587114459316829942677e-03	
4.055835961031310727671557609188874328e-03	
4.185027772596074197662616795629003544e-01	
-4.381901968919326084347037216500072323e-03	
2.712843796446089829255188189179448399e-02	
2.952227015964591648775833803635147962e-01	

bhat
2.483675912451591196775756814283216443e-02	
1.866327774562103796990092260942180726e-01	
5.671080795936984495604436622517631183e-02	
-3.447695439149287702616943808570747099e-03	
3.602245056516636472203469198006404016e-03	
4.545570622145088936800484247980581766e-01	
-2.434665289427612407531544765622888855e-04	
6.642755361103549971517945063138312147e-02	
1.613697079523505006226025497715177578e-01	
4.955424859358438183052504342394102722e-02	

c
0.000000000000000000000000000000000000e+00	
2.836343005184365275160654678626695428e-01	
5.484076570002894365286665352032296535e-01	
3.687228761669438493478872632332010073e-01	
-6.806126440140844191258463830024463902e-01	
3.518526124230705801739919476290327750e-01	
1.665941994879593315477304663913129942e+00	
9.715279295934715835299192116436237065e-01	
9.051569840159589594903399929316959062e-01	

chat
0.000000000000000000000000000000000000e+00	
2.836343005184365275160654678626695428e-01	
5.484076570002894365286665352032296535e-01	
3.687228761669438493478872632332010073e-01	
-6.806126440140844191258463830024463902e-01	
3.518526124230705801739919476290327750e-01	
1.665941994879593315477304663913129942e+00	
9.715279295934715835299192116436237065e-01	
9.051569840159589594903399929316959062e-01	
1.000000000000000000000000000000000000e+00	

alpha
0.000000000000000000000000000000000000e+00	0.000000000000000000000000000000000000e+00	0.000000000000000000000000000000000000e+00	0.000000000000000000000000000000000000e+00	0.000000000000000000000000000000000000e+00	0.000000000000000000000000000000000000e+00	0.000000000000000000000000000000000000e+00	0.000000000000000000000000000000000000e+00	0.000000000000000000000000000000000000e+00	
0.000000000000000000000000000000000000e+00	0.000000000000000000000000000000000000e+00	0.000000000000000000000000000000000000e+00	0.000000000000000000000000000000000000e+00	0.000000000000000000000000000000000000e+00	0.000000000000000000000000000000000000e+00	0.000000000000000000000000000000000000e+00	0.000000000000000000000000000000000000e+00	0.000000000000000000000000000000000000e+00	
-0.000000000000000000000000000000000000e+00	1.000000000000000000000000000000000000e+00	0.000000000000000000000000000000000000e+00	0.000000000000000000000000000000000000e+00	0.000000000000000000000000000000000000e+00	0.000000000000000000000000000000000000e+00	0.000000000000000000000000000000000000e+00	0.000000000000000000000000000000000000e+00	0.000000000000000000000000000000000000e+00	
0.000000000000000000000000000000000000e+00	1.092874754736854760537008312745852182e+00	-9.287475473685476053700831274585218196e-02	0.000000000000000000000000000000000000e+00	0.000000000000000000000000000000000000e+00	0.000000000000000000000000000000000000e+00	0.000000000000000000000000000000000000e+00	0.000000000000000000000000000000000000e+00	0.000000000000000000000000000000000000e+00	
7.621006678721315291614677352949377871e-01	0.000000000000000000000000000000000000e+00	1.585875597469140640299919256468971855e+00	-1.347976265341272169461386991763909642e+00	0.000000000000000000000000000000000000e+00	0.000000000000000000000000000000000000e+00	0.000000000000000000000000000000000000e+00	0.000000000000000000000000000000000000e+00	0.000000000000000000000000000000000000e+00	
-4.178544837429175551331783994212677256e-01	0.000000000000000000000000000000000000e+00	0.000000000000000000000000000000000000e+00	1.160364498871746713137109682485349673e+00	2.574899848711708419960687169359180524e-01	0.000000000000000000000000000000000000e+00	0.000000000000000000000000000000000000e+00	0.000000000000000000000000000000000000e+00	0.000000000000000000000000000000000000e+00	
1.304805106495042080568616280679949902e-01	0.000000000000000000000000000000000000e+00	0.000000000000000000000000000000000000e+00	0.000000000000000000000000000000000000e+00	8.098435746130546903998768212612027809e-02	7.885351318891903229031506898058847317e-01	0.000000000000000000000000000000000000e+00	0.000000000000000000000000000000000000e+00	0.000000000000000000000000000000000000e+00	
-2.281620141149370499509292648640246740e-01	0.000000000000000000000000000000000000e+00	0.000000000000000000000000000000000000e+00	0.000000000000000000000000000000000000e+00	0.000000000000000000000000000000000000e+00	5.748974654182560626058565841976618687e-01	6.532645486966809873450726806663628054e-01	0.000000000000000000000000000000000000e+00	0.000000000000000000000000000000000000e+00	
1.878378870091225892213711374587449181e-01	0.000000000000000000000000000000000000e+00	0.000000000000000000000000000000000000e+00	0.000000000000000000000000000000000000e+00	0.000000000000000000000000000000000000e+00	0.000000000000000000000000000000000000e+00	-2.769648809101795560204842740243721605e-02	8.398586010818953663806772899436922980e-01	0.000000000000000000000000000000000000e+00	
1.363499560667984422095698501413989551e-01	0.000000000000000000000000000000000000e+00	0.000000000000000000000000000000000000e+00	0.000000000000000000000000000000000000e+00	0.000000000000000000000000000000000000e+00	0.000000000000000000000000000000000000e+00	0.000000000000000000000000000000000000e+00	1.524242503508469339415663950020760910e-01	7.112257935823546238488637548565249539e-01	

beta
0.000000000000000000000000000000000000e+00	0.000000000000000000000000000000000000e+00	0.000000000000000000000000000000000000e+00	0.000000000000000000000000000000000000e+00	0.000000000000000000000000000000000000e+00	0.000000000000000000000000000000000000e+00	0.000000000000000000000000000000000000e+00	0.000000000000000000000000000000000000e+00	0.000000000000000000000000000000000000e+00	
2.836343005184365275160654678626695428e-01	0.000000000000000000000000000000000000e+00	0.000000000000000000000000000000000000e+00	0.000000000000000000000000000000000000e+00	0.000000000000000000000000000000000000e+00	0.000000000000000000000000000000000000e+00	0.000000000000000000000000000000000000e+00	0.000000000000000000000000000000000000e+00	0.000000000000000000000000000000000000e+00	
-7.088766539836212133590045497014059110e-01	9.736500104654741223716056170419660217e-01	0.000000000000000000000000000000000000e+00	0.000000000000000000000000000000000000e+00	0.000000000000000000000000000000000000e+00	0.000000000000000000000000000000000000e+00	0.000000000000000000000000000000000000e+00	0.000000000000000000000000000000000000e+00	0.000000000000000000000000000000000000e+00	
0.000000000000000000000000000000000000e+00	-2.285565863316383044692815915277507659e-01	3.382359225242515288768487569778320563e-01	0.000000000000000000000000000000000000e+00	0.000000000000000000000000000000000000e+00	0.000000000000000000000000000000000000e+00	0.000000000000000000000000000000000000e+00	0.000000000000000000000000000000000000e+00	0.000000000000000000000000000000000000e+00	
0.000000000000000000000000000000000000e+00	0.000000000000000000000000000000000000e+00	-6.947949180440422997114890533887881107e-01	-3.584943611106183357043212309791897386e-01	0.000000000000000000000000000000000000e+00	0.000000000000000000000000000000000000e+00	0.000000000000000000000000000000000000e+00	0.000000000000000000000000000000000000e+00	0.000000000000000000000000000000000000e+00	
0.000000000000000000000000000000000000e+00	0.000000000000000000000000000000000000e+00	0.000000000000000000000000000000000000e+00	1.033645604758513721001594915745104437e-01	-4.113944068471528211627210454497620358e-03	0.000000000000000000000000000000000000e+00	0.000000000000000000000000000000000000e+00	0.000000000000000000000000000000000000e+00	0.000000000000000000000000000000000000e+00	
0.000000000000000000000000000000000000e+00	0.000000000000000000000000000000000000e+00	0.000000000000000000000000000000000000e+00	0.000000000000000000000000000000000000e+00	1.564393234394568725535655638814034791e-02	1.427968894048586363415504654313371031e+00	0.000000000000000000000000000000000000e+00	0.000000000000000000000000000000000000e+00	0.000000000000000000000000000000000000e+00	
0.000000000000000000000000000000000000e+00	0.000000000000000000000000000000000000e+00	0.000000000000000000000000000000000000e+00	0.000000000000000000000000000000000000e+00	0.000000000000000000000000000000000000e+00	-3.371368004131527845059436255357732352e-01	1.808470948394314017665968411915568633e-02	0.000000000000000000000000000000000000e+00	0.000000000000000000000000000000000000e+00	
0.000000000000000000000000000000000000e+00	0.000000000000000000000000000000000000e+00	0.000000000000000000000000000000000000e+00	0.000000000000000000000000000000000000e+00	0.000000000000000000000000000000000000e+00	0.000000000000000000000000000000000000e+00	-2.522542581757508828962395320652941929e-02	1.605770645946802213926893453819236685e-01	0.000000000000000000000000000000000000e+00	
0.000000000000000000000000000000000000e+00	0.000000000000000000000000000000000000e+00	0.000000000000000000000000000000000000e+00	0.000000000000000000000000000000000000e+00	0.000000000000000000000000000000000000e+00	0.000000000000000000000000000000000000e+00	0.000000000000000000000000000000000000e+00	-8.707811223301556179966886031049020767e-02	2.952227015964591648775833803635147962e-01	

gamma1
0.000000000000000000000000000000000000e+00	0.000000000000000000000000000000000000e+00	-4.655641447335068552684422206224169103e+00	-7.720265099645871829248487209517314217e-01	-4.024436690519806086742256154738379161e+00	-2.129676284018530966221583708648634733e-02	-2.435022509790109546199372365866450709e+00	1.985627297131987000579523283542615256e-02	-2.810791146791038566946663374735713961e-01	1.689434168754859644351230590422137972e-01	

gamma2
0.000000000000000000000000000000000000e+00	1.000000000000000000000000000000000000e+00	2.499262792574495009336242992898153462e+00	5.866820377718875577451517985847920081e-01	1.205146086523094569925592464380295241e+00	3.474793722186732780030762737753849272e-01	1.321346060965113109321230804210670518e+00	3.119636464694193615946633676950358444e-01	4.351419539684379261368971206040518552e-01	2.359698130028753572503744518147537768e-01	

gamma3
0.000000000000000000000000000000000000e+00	0.000000000000000000000000000000000000e+00	0.000000000000000000000000000000000000e+00	0.000000000000000000000000000000000000e+00	7.621006678721315291614677352949377871e-01	-1.981182504339400567765766904309673119e-01	-6.228959218699007450469629366684127462e-01	-3.752248380775956442989480369774937099e-01	-3.355438309135169811915662336248989661e-01	-4.560955005031121479972862973705108039e-02	

delta
1.000000000000000000000000000000000000e+00	1.262923876648114432874834923838556100e+00	7.574967189685911558308119415539596711e-01	5.163589453140728104667573195005629833e-01	-2.746327421802609557034437892013640319e-02	-4.382673178127944142238606608356542890e-01	1.273587294602656522645691372699677063e+00	-6.294740283927400326554066998751383342e-01	0.000000000000000000000000000000000000e+00	

r
0.000000000000000000000000000000000000e+00	

errcoeff
5.064027358861807482509620470523259428e-04	
