# 3Sstarp
#stage		 order
5	 		3


A
0.000000000000000000000000000000000000e+00	0.000000000000000000000000000000000000e+00	0.000000000000000000000000000000000000e+00	0.000000000000000000000000000000000000e+00	0.000000000000000000000000000000000000e+00	
2.300285062878154351930669430512780706e-01	0.000000000000000000000000000000000000e+00	0.000000000000000000000000000000000000e+00	0.000000000000000000000000000000000000e+00	0.000000000000000000000000000000000000e+00	
1.028591156808745275510926353004418415e-01	3.021457892454169700189445968126242994e-01	0.000000000000000000000000000000000000e+00	0.000000000000000000000000000000000000e+00	0.000000000000000000000000000000000000e+00	
6.278864320165553882526215693761532385e-02	2.943364064375006231526450084112329514e-02	8.025601039472704213300183888573974531e-01	0.000000000000000000000000000000000000e+00	0.000000000000000000000000000000000000e+00	
4.771525359500224009259004402350617532e-02	3.637074200322919120521975408406696237e-02	2.032089183598943924206255983415113786e-01	4.362158997637629844305216319994356355e-01	0.000000000000000000000000000000000000e+00	

Ahat
0.000000000000000000000000000000000000e+00	0.000000000000000000000000000000000000e+00	0.000000000000000000000000000000000000e+00	0.000000000000000000000000000000000000e+00	0.000000000000000000000000000000000000e+00	
2.300285062878154351930669430512780706e-01	0.000000000000000000000000000000000000e+00	0.000000000000000000000000000000000000e+00	0.000000000000000000000000000000000000e+00	0.000000000000000000000000000000000000e+00	
1.028591156808745275510926353004418415e-01	3.021457892454169700189445968126242994e-01	0.000000000000000000000000000000000000e+00	0.000000000000000000000000000000000000e+00	0.000000000000000000000000000000000000e+00	
6.278864320165553882526215693761532385e-02	2.943364064375006231526450084112329514e-02	8.025601039472704213300183888573974531e-01	0.000000000000000000000000000000000000e+00	0.000000000000000000000000000000000000e+00	
4.771525359500224009259004402350617532e-02	3.637074200322919120521975408406696237e-02	2.032089183598943924206255983415113786e-01	4.362158997637629844305216319994356355e-01	0.000000000000000000000000000000000000e+00	

b
1.147931563369900682037379182772608287e-01	
8.933559295232859013880114997436974196e-02	
4.355858717379231779899161991033964256e-01	
2.473585295257286267503182138232950881e-01	
1.129268494470295369172265188216779157e-01	

bhat
1.046363371354093758897668305991705199e-01	
9.520431574956758809511173383346476348e-02	
4.482446645568668405072421350300379357e-01	
2.449030295461310135957132640369862245e-01	
1.070116530120251819121660365003405564e-01	

c
0.000000000000000000000000000000000000e+00	
2.300285062878154351930669430512780706e-01	
4.050049049262914975700372321130661410e-01	
8.947823877926760224705450466361360720e-01	
7.235108137218888081489570284485201518e-01	

chat
0.000000000000000000000000000000000000e+00	
2.300285062878154351930669430512780706e-01	
4.050049049262914975700372321130661410e-01	
8.947823877926760224705450466361360720e-01	
7.235108137218888081489570284485201518e-01	

alpha
0.000000000000000000000000000000000000e+00	0.000000000000000000000000000000000000e+00	0.000000000000000000000000000000000000e+00	0.000000000000000000000000000000000000e+00	0.000000000000000000000000000000000000e+00	
0.000000000000000000000000000000000000e+00	0.000000000000000000000000000000000000e+00	0.000000000000000000000000000000000000e+00	0.000000000000000000000000000000000000e+00	0.000000000000000000000000000000000000e+00	
-0.000000000000000000000000000000000000e+00	1.000000000000000000000000000000000000e+00	0.000000000000000000000000000000000000e+00	0.000000000000000000000000000000000000e+00	0.000000000000000000000000000000000000e+00	
0.000000000000000000000000000000000000e+00	-3.150952622165977542426109310706340221e-01	1.315095262216597754242610931070634022e+00	0.000000000000000000000000000000000000e+00	0.000000000000000000000000000000000000e+00	
2.752585813446636957256614568573008811e-01	0.000000000000000000000000000000000000e+00	5.514592438950290958274179933257083548e-02	6.695954942658333946915967438101282835e-01	0.000000000000000000000000000000000000e+00	
-1.437254805500354235604213100018509031e+00	0.000000000000000000000000000000000000e+00	0.000000000000000000000000000000000000e+00	-9.958442143860129389397636160081987643e-02	2.536839226938955529498189461619328907e+00	

beta
0.000000000000000000000000000000000000e+00	0.000000000000000000000000000000000000e+00	0.000000000000000000000000000000000000e+00	0.000000000000000000000000000000000000e+00	0.000000000000000000000000000000000000e+00	
2.300285062878154351930669430512780706e-01	0.000000000000000000000000000000000000e+00	0.000000000000000000000000000000000000e+00	0.000000000000000000000000000000000000e+00	0.000000000000000000000000000000000000e+00	
-1.271693906069409076419743077508362290e-01	3.021457892454169700189445968126242994e-01	0.000000000000000000000000000000000000e+00	0.000000000000000000000000000000000000e+00	0.000000000000000000000000000000000000e+00	
0.000000000000000000000000000000000000e+00	-3.679168552915924495754641304151501309e-01	8.025601039472704213300183888573974531e-01	0.000000000000000000000000000000000000e+00	0.000000000000000000000000000000000000e+00	
0.000000000000000000000000000000000000e+00	0.000000000000000000000000000000000000e+00	-3.341817111207167721777798495143608534e-01	4.362158997637629844305216319994356355e-01	0.000000000000000000000000000000000000e+00	
0.000000000000000000000000000000000000e+00	0.000000000000000000000000000000000000e+00	0.000000000000000000000000000000000000e+00	-8.592510764094567766580695462040894697e-01	1.129268494470295369172265188216779157e-01	

gamma1
0.000000000000000000000000000000000000e+00	0.000000000000000000000000000000000000e+00	2.587669070352079020144955303389306026e-01	-1.324366873994502973977035353758550057e-01	5.055601231460399101814291350373559483e-02	5.670552807902877312521811889846000976e-01	

gamma2
0.000000000000000000000000000000000000e+00	1.000000000000000000000000000000000000e+00	5.528418745102160639901976698795928733e-01	6.731844400389673824374042790213570079e-01	2.803103804507635075215805236096803381e-01	5.521508873507393276457754945308880998e-01	

gamma3
0.000000000000000000000000000000000000e+00	0.000000000000000000000000000000000000e+00	0.000000000000000000000000000000000000e+00	0.000000000000000000000000000000000000e+00	2.752585813446636957256614568573008811e-01	-8.950548709279785077579454232514633376e-01	

delta
1.000000000000000000000000000000000000e+00	3.407687209321455242558804921815861422e-01	3.414399280584625023244387687873774697e-01	7.229302732875589702087936723400941329e-01	0.000000000000000000000000000000000000e+00	

r
1.213795498188119381666183471679687500e-01	

errcoeff
9.928989681326766750246726189743640134e-03	
