# 3Sstarp
#stage		 order
9	 		4


A
0.000000000000000000000000000000000000e+00	0.000000000000000000000000000000000000e+00	0.000000000000000000000000000000000000e+00	0.000000000000000000000000000000000000e+00	0.000000000000000000000000000000000000e+00	0.000000000000000000000000000000000000e+00	0.000000000000000000000000000000000000e+00	0.000000000000000000000000000000000000e+00	0.000000000000000000000000000000000000e+00	
2.836343531977826022543660465926414772e-01	0.000000000000000000000000000000000000e+00	0.000000000000000000000000000000000000e+00	0.000000000000000000000000000000000000e+00	0.000000000000000000000000000000000000e+00	0.000000000000000000000000000000000000e+00	0.000000000000000000000000000000000000e+00	0.000000000000000000000000000000000000e+00	0.000000000000000000000000000000000000e+00	
-4.252424211094478667654253687982961810e-01	9.736497978646965372894268287659773644e-01	0.000000000000000000000000000000000000e+00	0.000000000000000000000000000000000000e+00	0.000000000000000000000000000000000000e+00	0.000000000000000000000000000000000000e+00	0.000000000000000000000000000000000000e+00	0.000000000000000000000000000000000000e+00	0.000000000000000000000000000000000000e+00	
3.494710962095327317415406163623140981e-01	-3.189840071797240761361866047815060200e-01	3.382358566377620380505126936670933370e-01	0.000000000000000000000000000000000000e+00	0.000000000000000000000000000000000000e+00	0.000000000000000000000000000000000000e+00	0.000000000000000000000000000000000000e+00	0.000000000000000000000000000000000000e+00	0.000000000000000000000000000000000000e+00	
-1.145456547050283392446951691467287761e+00	1.974063223616099242330949610420232167e+00	-1.150724886147240095890910701263963859e+00	-3.584937820217850715182820651063453804e-01	0.000000000000000000000000000000000000e+00	0.000000000000000000000000000000000000e+00	0.000000000000000000000000000000000000e+00	0.000000000000000000000000000000000000e+00	0.000000000000000000000000000000000000e+00	
1.105693310923335389515679251609029253e-01	1.381655944577436305354079062946588302e-01	9.617580031617712064618904192823006813e-02	1.105587513767648103181648229343832719e-02	-4.113955814725134294322006403954822487e-03	0.000000000000000000000000000000000000e+00	0.000000000000000000000000000000000000e+00	0.000000000000000000000000000000000000e+00	0.000000000000000000000000000000000000e+00	
-5.576664620223654661605302954780931214e-03	2.688173331232304178555769672455505580e-01	-1.735312284108854403484091544749619138e-02	-2.031456695710719670739031537234320220e-02	1.239997930384204818537078714660786165e-02	1.427968962196019024010757034274849198e+00	0.000000000000000000000000000000000000e+00	0.000000000000000000000000000000000000e+00	0.000000000000000000000000000000000000e+00	
5.992298504043618563943255159538444556e-02	2.550398488644095861602932259269047176e-01	4.395504003163711677492508865525788775e-02	-6.914790423822004147453141388958398088e-03	5.735363107480834312973441304284278325e-03	5.957045751902044444486636641045140761e-01	1.808467712038743032991177525728915926e-02	0.000000000000000000000000000000000000e+00	0.000000000000000000000000000000000000e+00	
5.048129152681754344995340116405497451e-02	2.067521276568049350054726571159661360e-01	3.739664128463866848888864680661224042e-02	-5.244804394212888710745874126268187247e-03	4.473458445513409740483584078672278325e-03	4.607579156827725337021849688115753215e-01	-1.003680643978176961082058383380076842e-02	1.605771316794521018947553625079465692e-01	0.000000000000000000000000000000000000e+00	

Ahat
0.000000000000000000000000000000000000e+00	0.000000000000000000000000000000000000e+00	0.000000000000000000000000000000000000e+00	0.000000000000000000000000000000000000e+00	0.000000000000000000000000000000000000e+00	0.000000000000000000000000000000000000e+00	0.000000000000000000000000000000000000e+00	0.000000000000000000000000000000000000e+00	0.000000000000000000000000000000000000e+00	
2.836343531977826022543660465926414772e-01	0.000000000000000000000000000000000000e+00	0.000000000000000000000000000000000000e+00	0.000000000000000000000000000000000000e+00	0.000000000000000000000000000000000000e+00	0.000000000000000000000000000000000000e+00	0.000000000000000000000000000000000000e+00	0.000000000000000000000000000000000000e+00	0.000000000000000000000000000000000000e+00	
-4.252424211094478667654253687982961810e-01	9.736497978646965372894268287659773644e-01	0.000000000000000000000000000000000000e+00	0.000000000000000000000000000000000000e+00	0.000000000000000000000000000000000000e+00	0.000000000000000000000000000000000000e+00	0.000000000000000000000000000000000000e+00	0.000000000000000000000000000000000000e+00	0.000000000000000000000000000000000000e+00	
3.494710962095327317415406163623140981e-01	-3.189840071797240761361866047815060200e-01	3.382358566377620380505126936670933370e-01	0.000000000000000000000000000000000000e+00	0.000000000000000000000000000000000000e+00	0.000000000000000000000000000000000000e+00	0.000000000000000000000000000000000000e+00	0.000000000000000000000000000000000000e+00	0.000000000000000000000000000000000000e+00	
-1.145456547050283392446951691467287761e+00	1.974063223616099242330949610420232167e+00	-1.150724886147240095890910701263963859e+00	-3.584937820217850715182820651063453804e-01	0.000000000000000000000000000000000000e+00	0.000000000000000000000000000000000000e+00	0.000000000000000000000000000000000000e+00	0.000000000000000000000000000000000000e+00	0.000000000000000000000000000000000000e+00	
1.105693310923335389515679251609029253e-01	1.381655944577436305354079062946588302e-01	9.617580031617712064618904192823006813e-02	1.105587513767648103181648229343832719e-02	-4.113955814725134294322006403954822487e-03	0.000000000000000000000000000000000000e+00	0.000000000000000000000000000000000000e+00	0.000000000000000000000000000000000000e+00	0.000000000000000000000000000000000000e+00	
-5.576664620223654661605302954780931214e-03	2.688173331232304178555769672455505580e-01	-1.735312284108854403484091544749619138e-02	-2.031456695710719670739031537234320220e-02	1.239997930384204818537078714660786165e-02	1.427968962196019024010757034274849198e+00	0.000000000000000000000000000000000000e+00	0.000000000000000000000000000000000000e+00	0.000000000000000000000000000000000000e+00	
5.992298504043618563943255159538444556e-02	2.550398488644095861602932259269047176e-01	4.395504003163711677492508865525788775e-02	-6.914790423822004147453141388958398088e-03	5.735363107480834312973441304284278325e-03	5.957045751902044444486636641045140761e-01	1.808467712038743032991177525728915926e-02	0.000000000000000000000000000000000000e+00	0.000000000000000000000000000000000000e+00	
5.048129152681754344995340116405497451e-02	2.067521276568049350054726571159661360e-01	3.739664128463866848888864680661224042e-02	-5.244804394212888710745874126268187247e-03	4.473458445513409740483584078672278325e-03	4.607579156827725337021849688115753215e-01	-1.003680643978176961082058383380076842e-02	1.605771316794521018947553625079465692e-01	0.000000000000000000000000000000000000e+00	

b
4.503731969165884304041981629148469971e-02	
1.859217322011968812563859888433403777e-01	
3.329727509207630932171676116314110008e-02	
-4.784222621050198909820741390895649698e-03	
4.055848062637567925908043629915811671e-03	
4.185027999682794463309031355073933444e-01	
-4.381894507474277848407591859322000026e-03	
2.712846097324442608251358061215836749e-02	
2.952226811394310028003810072027839487e-01	

bhat
4.550655927970944948340364817140593012e-02	
1.175968310492638562142460384341959193e-01	
3.658257330515213200375475084421083608e-02	
-5.311555834355629559010061596928357525e-03	
5.178250012713127329531367677410650996e-03	
4.954639022118682638697706200022961443e-01	
-5.999303132737865921441409466809521699e-03	
9.405093434568315929035250835218733824e-02	
2.169318087627035072893925375820310602e-01	

c
0.000000000000000000000000000000000000e+00	
2.836343531977826022543660465926414772e-01	
5.484073767552486705240014599676811834e-01	
3.687229456675706936558667052479014150e-01	
-6.806119916032093175251948474173648331e-01	
3.518526451892056368706593492732753284e-01	
1.665941920204672094647868254892387293e+00	
9.715276989307335935187466054546761665e-01	
9.051569554420045339601721625247585643e-01	

chat
0.000000000000000000000000000000000000e+00	
2.836343531977826022543660465926414772e-01	
5.484073767552486705240014599676811834e-01	
3.687229456675706936558667052479014150e-01	
-6.806119916032093175251948474173648331e-01	
3.518526451892056368706593492732753284e-01	
1.665941920204672094647868254892387293e+00	
9.715276989307335935187466054546761665e-01	
9.051569554420045339601721625247585643e-01	

alpha
0.000000000000000000000000000000000000e+00	0.000000000000000000000000000000000000e+00	0.000000000000000000000000000000000000e+00	0.000000000000000000000000000000000000e+00	0.000000000000000000000000000000000000e+00	0.000000000000000000000000000000000000e+00	0.000000000000000000000000000000000000e+00	0.000000000000000000000000000000000000e+00	0.000000000000000000000000000000000000e+00	
0.000000000000000000000000000000000000e+00	0.000000000000000000000000000000000000e+00	0.000000000000000000000000000000000000e+00	0.000000000000000000000000000000000000e+00	0.000000000000000000000000000000000000e+00	0.000000000000000000000000000000000000e+00	0.000000000000000000000000000000000000e+00	0.000000000000000000000000000000000000e+00	0.000000000000000000000000000000000000e+00	
-0.000000000000000000000000000000000000e+00	1.000000000000000000000000000000000000e+00	0.000000000000000000000000000000000000e+00	0.000000000000000000000000000000000000e+00	0.000000000000000000000000000000000000e+00	0.000000000000000000000000000000000000e+00	0.000000000000000000000000000000000000e+00	0.000000000000000000000000000000000000e+00	0.000000000000000000000000000000000000e+00	
0.000000000000000000000000000000000000e+00	1.092874735635246219673532057768640705e+00	-9.287473563524621967353205776864070541e-02	0.000000000000000000000000000000000000e+00	0.000000000000000000000000000000000000e+00	0.000000000000000000000000000000000000e+00	0.000000000000000000000000000000000000e+00	0.000000000000000000000000000000000000e+00	0.000000000000000000000000000000000000e+00	
7.621037111138170045618771082985664430e-01	0.000000000000000000000000000000000000e+00	1.585869352277812247410859489598107584e+00	-1.347973063391629251972736597896674027e+00	0.000000000000000000000000000000000000e+00	0.000000000000000000000000000000000000e+00	0.000000000000000000000000000000000000e+00	0.000000000000000000000000000000000000e+00	0.000000000000000000000000000000000000e+00	
-4.178561922011718121494804475092091306e-01	0.000000000000000000000000000000000000e+00	0.000000000000000000000000000000000000e+00	1.160365183590005477577628146887623384e+00	2.574910086111663345718523006215857465e-01	0.000000000000000000000000000000000000e+00	0.000000000000000000000000000000000000e+00	0.000000000000000000000000000000000000e+00	0.000000000000000000000000000000000000e+00	
1.304802595802038611997939753227764841e-01	0.000000000000000000000000000000000000e+00	0.000000000000000000000000000000000000e+00	0.000000000000000000000000000000000000e+00	8.098470139838171240503143792203272061e-02	7.885350390214144263951745867551907953e-01	0.000000000000000000000000000000000000e+00	0.000000000000000000000000000000000000e+00	0.000000000000000000000000000000000000e+00	
-2.281618556839393913936144056865447486e-01	0.000000000000000000000000000000000000e+00	0.000000000000000000000000000000000000e+00	0.000000000000000000000000000000000000e+00	0.000000000000000000000000000000000000e+00	5.748974073474488489670587376155288929e-01	6.532644483364905424265556680710158557e-01	0.000000000000000000000000000000000000e+00	0.000000000000000000000000000000000000e+00	
1.878378358603275704157100528278613058e-01	0.000000000000000000000000000000000000e+00	0.000000000000000000000000000000000000e+00	0.000000000000000000000000000000000000e+00	0.000000000000000000000000000000000000e+00	0.000000000000000000000000000000000000e+00	-2.769648882194340654528915515382297015e-02	8.398586529616158361295791023259616643e-01	0.000000000000000000000000000000000000e+00	
1.363498123124877346078241161393610451e-01	0.000000000000000000000000000000000000e+00	0.000000000000000000000000000000000000e+00	0.000000000000000000000000000000000000e+00	0.000000000000000000000000000000000000e+00	0.000000000000000000000000000000000000e+00	0.000000000000000000000000000000000000e+00	1.524242221736003275969312854370503493e-01	7.112259655139119377952445984235886056e-01	

beta
0.000000000000000000000000000000000000e+00	0.000000000000000000000000000000000000e+00	0.000000000000000000000000000000000000e+00	0.000000000000000000000000000000000000e+00	0.000000000000000000000000000000000000e+00	0.000000000000000000000000000000000000e+00	0.000000000000000000000000000000000000e+00	0.000000000000000000000000000000000000e+00	0.000000000000000000000000000000000000e+00	
2.836343531977826022543660465926414772e-01	0.000000000000000000000000000000000000e+00	0.000000000000000000000000000000000000e+00	0.000000000000000000000000000000000000e+00	0.000000000000000000000000000000000000e+00	0.000000000000000000000000000000000000e+00	0.000000000000000000000000000000000000e+00	0.000000000000000000000000000000000000e+00	0.000000000000000000000000000000000000e+00	
-7.088767743072304690197914153909376583e-01	9.736497978646965372894268287659773644e-01	0.000000000000000000000000000000000000e+00	0.000000000000000000000000000000000000e+00	0.000000000000000000000000000000000000e+00	0.000000000000000000000000000000000000e+00	0.000000000000000000000000000000000000e+00	0.000000000000000000000000000000000000e+00	0.000000000000000000000000000000000000e+00	
0.000000000000000000000000000000000000e+00	-2.285565396017294660005663689606444597e-01	3.382358566377620380505126936670933370e-01	0.000000000000000000000000000000000000e+00	0.000000000000000000000000000000000000e+00	0.000000000000000000000000000000000000e+00	0.000000000000000000000000000000000000e+00	0.000000000000000000000000000000000000e+00	0.000000000000000000000000000000000000e+00	
0.000000000000000000000000000000000000e+00	0.000000000000000000000000000000000000e+00	-6.947920623263440644694340351107117504e-01	-3.584937820217850715182820651063453804e-01	0.000000000000000000000000000000000000e+00	0.000000000000000000000000000000000000e+00	0.000000000000000000000000000000000000e+00	0.000000000000000000000000000000000000e+00	0.000000000000000000000000000000000000e+00	
0.000000000000000000000000000000000000e+00	0.000000000000000000000000000000000000e+00	0.000000000000000000000000000000000000e+00	1.033648006512975277814660059694401585e-01	-4.113955814725134294322006403954822487e-03	0.000000000000000000000000000000000000e+00	0.000000000000000000000000000000000000e+00	0.000000000000000000000000000000000000e+00	0.000000000000000000000000000000000000e+00	
0.000000000000000000000000000000000000e+00	0.000000000000000000000000000000000000e+00	0.000000000000000000000000000000000000e+00	0.000000000000000000000000000000000000e+00	1.564397761273870673441165983260756740e-02	1.427968962196019024010757034274849198e+00	0.000000000000000000000000000000000000e+00	0.000000000000000000000000000000000000e+00	0.000000000000000000000000000000000000e+00	
0.000000000000000000000000000000000000e+00	0.000000000000000000000000000000000000e+00	0.000000000000000000000000000000000000e+00	0.000000000000000000000000000000000000e+00	0.000000000000000000000000000000000000e+00	-3.371367811404088417268464822390510935e-01	1.808467712038743032991177525728915926e-02	0.000000000000000000000000000000000000e+00	0.000000000000000000000000000000000000e+00	
0.000000000000000000000000000000000000e+00	0.000000000000000000000000000000000000e+00	0.000000000000000000000000000000000000e+00	0.000000000000000000000000000000000000e+00	0.000000000000000000000000000000000000e+00	0.000000000000000000000000000000000000e+00	-2.522537900535611047569903036801912302e-02	1.605771316794521018947553625079465692e-01	0.000000000000000000000000000000000000e+00	
0.000000000000000000000000000000000000e+00	0.000000000000000000000000000000000000e+00	0.000000000000000000000000000000000000e+00	0.000000000000000000000000000000000000e+00	0.000000000000000000000000000000000000e+00	0.000000000000000000000000000000000000e+00	0.000000000000000000000000000000000000e+00	-8.707816454492847066585151990837344478e-02	2.952226811394310028003810072027839487e-01	

gamma1
0.000000000000000000000000000000000000e+00	0.000000000000000000000000000000000000e+00	-4.655641301259180308677051498071354582e+00	-7.720264924836063859141482018013692338e-01	-4.024423213419724605695005429153112050e+00	-2.129685246739018613087466942802498152e-02	-2.435022519234470128602335652131234586e+00	1.985627480986167686791439120784668251e-02	-2.810790112885283952929218377438668784e-01	1.689434895835535695524003319503844110e-01	

gamma2
0.000000000000000000000000000000000000e+00	1.000000000000000000000000000000000000e+00	2.499262752607825957145627300817258023e+00	5.866820365436136799319929406678132638e-01	1.205141365412670762568835277881144391e+00	3.474793796700868848597960521248007941e-01	1.321346140128723105871355808477092220e+00	3.119636324379370564023292317172847140e-01	4.351419055894087609560896967082486864e-01	2.359698299440788299161958168555704234e-01	

gamma3
0.000000000000000000000000000000000000e+00	0.000000000000000000000000000000000000e+00	0.000000000000000000000000000000000000e+00	0.000000000000000000000000000000000000e+00	7.621037111138170045618771082985664430e-01	-1.981182159087218433914909510116664154e-01	-6.228960706317566993192689455719570179e-01	-3.752246993432626328289874575355102038e-01	-3.355436539000946543242869676125143358e-01	-4.560963110717484359015342341157302403e-02	

delta
1.000000000000000000000000000000000000e+00	1.262923854387806460989545005598562667e+00	7.574967177560872438940839460448329992e-01	5.163591158111222863455531895152351544e-01	-2.746333792042827389548936599648122146e-02	-4.382674653941770848797864513655752318e-01	1.273587103668392811985704533534301656e+00	-6.294740045442794829622796613103492913e-01	0.000000000000000000000000000000000000e+00	

r
0.000000000000000000000000000000000000e+00	

errcoeff
5.064027358861807482509620470523259428e-04	
